0.0101468 0.000
0.010408 0.023
0.0106692 0.038
0.0109304 0.045
0.0111916 0.053
0.0114528 0.063
0.011714 0.074
0.0119752 0.099
0.0122364 0.124
0.0124976 0.162
0.0127588 0.196
0.01302 0.235
0.0132812 0.286
0.0135424 0.345
0.0138036 0.397
0.0140648 0.438
0.014326 0.524
0.0145872 0.580
0.0148484 0.661
0.0151096 0.723
0.0153708 0.778
0.015632 0.841
0.0158932 0.880
0.0161544 0.932
0.0164156 0.945
0.0166768 0.982
0.016938 1.000
0.0171992 0.997
0.0174604 0.986
0.0177216 0.979
0.0179828 0.918
0.018244 0.857
0.0185052 0.785
0.0187664 0.672
0.0190276 0.538
0.0192888 0.361
0.01955 0.145
0.0198112 0.019
0.0200724 0.003
0.0203336 0.000
