0.1635	0.000
0.1637	0.000
0.1640	0.000
0.1643	0.000
0.1645	0.046
0.1648	0.053
0.1650	0.053
0.1653	0.048
0.1656	0.061
0.1658	0.055
0.1661	0.057
0.1663	0.060
0.1666	0.056
0.1669	0.057
0.1671	0.049
0.1674	0.049
0.1677	0.050
0.1679	0.053
0.1682	0.053
0.1684	0.050
0.1687	0.061
0.1690	0.049
0.1692	0.054
0.1695	0.068
0.1697	0.071
0.1700	0.061
0.1703	0.056
0.1705	0.087
0.1708	0.079
0.1710	0.058
0.1713	0.065
0.1716	0.062
0.1718	0.061
0.1721	0.062
0.1724	0.065
0.1726	0.065
0.1729	0.074
0.1731	0.067
0.1734	0.077
0.1737	0.079
0.1739	0.081
0.1742	0.079
0.1744	0.074
0.1747	0.071
0.1750	0.086
0.1752	0.085
0.1755	0.081
0.1757	0.084
0.1760	0.102
0.1763	0.081
0.1765	0.086
0.1768	0.080
0.1771	0.088
0.1773	0.088
0.1776	0.088
0.1778	0.090
0.1781	0.090
0.1784	0.102
0.1786	0.101
0.1789	0.097
0.1791	0.106
0.1794	0.111
0.1797	0.098
0.1799	0.120
0.1802	0.096
0.1804	0.120
0.1807	0.090
0.1810	0.102
0.1812	0.109
0.1815	0.116
0.1818	0.115
0.1820	0.105
0.1823	0.101
0.1825	0.120
0.1828	0.111
0.1831	0.120
0.1833	0.099
0.1836	0.116
0.1838	0.134
0.1841	0.118
0.1844	0.114
0.1846	0.116
0.1849	0.113
0.1852	0.131
0.1854	0.116
0.1857	0.128
0.1859	0.128
0.1862	0.133
0.1865	0.165
0.1867	0.145
0.1870	0.165
0.1872	0.149
0.1875	0.138
0.1878	0.146
0.1880	0.145
0.1883	0.162
0.1885	0.135
0.1888	0.154
0.1891	0.167
0.1893	0.152
0.1896	0.162
0.1899	0.166
0.1901	0.170
0.1904	0.166
0.1906	0.186
0.1909	0.177
0.1912	0.187
0.1914	0.192
0.1917	0.204
0.1919	0.192
0.1922	0.195
0.1925	0.206
0.1927	0.187
0.1930	0.200
0.1932	0.195
0.1935	0.216
0.1938	0.196
0.1940	0.224
0.1943	0.221
0.1946	0.249
0.1948	0.216
0.1951	0.221
0.1953	0.244
0.1956	0.215
0.1959	0.227
0.1961	0.207
0.1964	0.212
0.1966	0.256
0.1969	0.223
0.1972	0.250
0.1974	0.250
0.1977	0.237
0.1979	0.234
0.1982	0.278
0.1985	0.274
0.1987	0.258
0.1990	0.275
0.1993	0.268
0.1995	0.300
0.1998	0.277
0.2000	0.277
0.2003	0.293
0.2006	0.316
0.2008	0.307
0.2011	0.296
0.2013	0.297
0.2016	0.317
0.2019	0.306
0.2021	0.315
0.2024	0.291
0.2027	0.321
0.2029	0.334
0.2032	0.341
0.2034	0.324
0.2037	0.305
0.2040	0.347
0.2042	0.331
0.2045	0.310
0.2047	0.319
0.2050	0.355
0.2053	0.360
0.2055	0.354
0.2058	0.334
0.2060	0.360
0.2063	0.349
0.2066	0.372
0.2068	0.339
0.2071	0.397
0.2074	0.401
0.2076	0.376
0.2079	0.387
0.2081	0.396
0.2084	0.393
0.2087	0.397
0.2089	0.405
0.2092	0.417
0.2094	0.383
0.2097	0.401
0.2100	0.418
0.2102	0.435
0.2105	0.439
0.2107	0.444
0.2110	0.413
0.2113	0.423
0.2115	0.442
0.2118	0.443
0.2121	0.466
0.2123	0.473
0.2126	0.432
0.2128	0.459
0.2131	0.463
0.2134	0.465
0.2136	0.516
0.2139	0.508
0.2141	0.482
0.2144	0.524
0.2147	0.507
0.2149	0.503
0.2152	0.489
0.2155	0.504
0.2157	0.532
0.2160	0.500
0.2162	0.512
0.2165	0.519
0.2168	0.521
0.2170	0.557
0.2173	0.519
0.2175	0.543
0.2178	0.564
0.2181	0.547
0.2183	0.552
0.2186	0.615
0.2188	0.577
0.2191	0.587
0.2194	0.595
0.2196	0.574
0.2199	0.626
0.2202	0.596
0.2204	0.609
0.2207	0.600
0.2209	0.573
0.2212	0.606
0.2215	0.634
0.2217	0.593
0.2220	0.604
0.2222	0.624
0.2225	0.637
0.2228	0.628
0.2230	0.643
0.2233	0.647
0.2235	0.647
0.2238	0.627
0.2241	0.616
0.2243	0.638
0.2246	0.662
0.2249	0.709
0.2251	0.680
0.2254	0.723
0.2256	0.633
0.2259	0.699
0.2262	0.704
0.2264	0.670
0.2267	0.691
0.2269	0.632
0.2272	0.718
0.2275	0.711
0.2277	0.732
0.2280	0.742
0.2282	0.710
0.2285	0.723
0.2288	0.742
0.2290	0.706
0.2293	0.729
0.2296	0.746
0.2298	0.751
0.2301	0.734
0.2303	0.774
0.2306	0.747
0.2309	0.763
0.2311	0.813
0.2314	0.788
0.2316	0.766
0.2319	0.726
0.2322	0.746
0.2324	0.737
0.2327	0.781
0.2330	0.772
0.2332	0.766
0.2335	0.821
0.2337	0.781
0.2340	0.766
0.2343	0.840
0.2345	0.838
0.2348	0.875
0.2350	0.788
0.2353	0.817
0.2356	0.868
0.2358	0.830
0.2361	0.790
0.2363	0.810
0.2366	0.821
0.2369	0.836
0.2371	0.846
0.2374	0.827
0.2377	0.812
0.2379	0.837
0.2382	0.803
0.2384	0.875
0.2387	0.815
0.2390	0.826
0.2392	0.866
0.2395	0.821
0.2397	0.879
0.2400	0.898
0.2403	0.870
0.2405	0.877
0.2408	0.855
0.2410	0.873
0.2413	0.914
0.2416	0.835
0.2418	0.857
0.2421	0.878
0.2424	0.903
0.2426	0.879
0.2429	0.901
0.2431	0.950
0.2434	0.915
0.2437	0.909
0.2439	0.910
0.2442	0.952
0.2444	0.947
0.2447	0.918
0.2450	0.951
0.2452	0.947
0.2455	0.947
0.2457	0.921
0.2460	0.908
0.2463	0.891
0.2465	0.937
0.2468	0.922
0.2471	0.917
0.2473	0.925
0.2476	0.934
0.2478	0.939
0.2481	0.952
0.2484	0.905
0.2486	0.932
0.2489	0.987
0.2491	0.958
0.2494	0.904
0.2497	0.943
0.2499	0.950
0.2502	0.912
0.2505	0.926
0.2507	0.946
0.2510	0.969
0.2512	0.977
0.2515	0.926
0.2518	0.914
0.2520	0.989
0.2523	0.896
0.2525	0.934
0.2528	0.950
0.2531	0.897
0.2533	0.943
0.2536	0.919
0.2538	0.889
0.2541	0.939
0.2544	0.959
0.2546	0.956
0.2549	0.916
0.2552	0.939
0.2554	0.968
0.2557	0.928
0.2559	1.000
0.2562	0.957
0.2565	0.970
0.2567	0.938
0.2570	0.933
0.2572	0.958
0.2575	0.950
0.2578	0.970
0.2580	0.922
0.2583	0.985
0.2585	0.952
0.2588	0.950
0.2591	0.975
0.2593	0.868
0.2596	0.945
0.2599	0.931
0.2601	0.924
0.2604	0.928
0.2606	0.881
0.2609	0.954
0.2612	0.966
0.2614	0.929
0.2617	0.893
0.2619	0.917
0.2622	0.953
0.2625	0.919
0.2627	0.909
0.2630	0.935
0.2632	0.932
0.2635	0.888
0.2638	0.909
0.2640	0.931
0.2643	0.959
0.2646	0.873
0.2648	0.908
0.2651	0.897
0.2653	0.887
0.2656	0.903
0.2659	0.863
0.2661	0.888
0.2664	0.855
0.2666	0.883
0.2669	0.828
0.2672	0.853
0.2674	0.859
0.2677	0.855
0.2680	0.881
0.2682	0.909
0.2685	0.880
0.2687	0.824
0.2690	0.857
0.2693	0.832
0.2695	0.880
0.2698	0.819
0.2700	0.783
0.2703	0.839
0.2706	0.805
0.2708	0.788
0.2711	0.824
0.2713	0.813
0.2716	0.806
0.2719	0.798
0.2721	0.792
0.2724	0.784
0.2727	0.775
0.2729	0.788
0.2732	0.767
0.2734	0.769
0.2737	0.751
0.2740	0.767
0.2742	0.753
0.2745	0.718
0.2747	0.721
0.2750	0.722
0.2753	0.719
0.2755	0.722
0.2758	0.712
0.2760	0.683
0.2763	0.683
0.2766	0.716
0.2768	0.701
0.2771	0.662
0.2774	0.662
0.2776	0.639
0.2779	0.641
0.2781	0.682
0.2784	0.597
0.2787	0.603
0.2789	0.595
0.2792	0.613
0.2794	0.624
0.2797	0.601
0.2800	0.611
0.2802	0.618
0.2805	0.561
0.2808	0.554
0.2810	0.564
0.2813	0.558
0.2815	0.549
0.2818	0.551
0.2821	0.549
0.2823	0.532
0.2826	0.497
0.2828	0.480
0.2831	0.485
0.2834	0.471
0.2836	0.477
0.2839	0.464
0.2841	0.481
0.2844	0.464
0.2847	0.456
0.2849	0.426
0.2852	0.442
0.2855	0.422
0.2857	0.400
0.2860	0.413
0.2862	0.363
0.2865	0.425
0.2868	0.373
0.2870	0.342
0.2873	0.334
0.2875	0.351
0.2878	0.339
0.2881	0.288
0.2883	0.330
0.2886	0.300
0.2888	0.299
0.2891	0.266
0.2894	0.246
0.2896	0.263
0.2899	0.246
0.2902	0.238
0.2904	0.224
0.2907	0.225
0.2909	0.209
0.2912	0.192
0.2915	0.199
0.2917	0.171
0.2920	0.166
0.2922	0.145
0.2925	0.125
0.2928	0.131
0.2930	0.102
0.2933	0.079
0.2935	0.086
0.2938	0.104
0.2941	0.071
0.2943	0.064
0.2946	0.056
0.2949	0.053
0.2951	0.035
0.2954	0.017
0.2956	0.012
0.2959	0.006
0.2962	0.002
0.2964	0.001
0.2967	0.001
0.2969	0.001
0.2972	0.001
0.2975	0.001
0.2977	0.000
0.2980	0.000
0.2983	0.000
0.2985	0.000
0.2988	0.000
0.2990	0.001
0.2993	0.001
0.2996	0.000
0.2998	0.001
0.3001	0.000
0.3003	0.000
