1.000E-03 2.560E-05 
1.500E-03 3.370E-05 
2.000E-03 4.102E-05 
2.500E-03 4.778E-05 
3.000E-03 5.412E-05 
4.000E-03 6.590E-05 
5.000E-03 7.676E-05 
6.000E-03 8.691E-05 
7.000E-03 9.651E-05 
8.000E-03 1.056E-04 
9.000E-03 1.144E-04 
1.000E-02 1.228E-04 
1.250E-02 1.425E-04 
1.500E-02 1.607E-04 
1.750E-02 1.778E-04 
2.000E-02 1.938E-04 
2.250E-02 2.091E-04 
2.500E-02 2.237E-04 
2.750E-02 2.376E-04 
3.000E-02 2.510E-04 
3.500E-02 2.765E-04 
4.000E-02 3.003E-04 
4.500E-02 3.228E-04 
5.000E-02 3.441E-04 
5.500E-02 3.645E-04 
6.000E-02 3.841E-04 
6.500E-02 4.029E-04 
7.000E-02 4.210E-04 
7.500E-02 4.385E-04 
8.000E-02 4.554E-04 
8.500E-02 4.719E-04 
9.000E-02 4.879E-04 
9.500E-02 5.034E-04 
1.000E-01 5.186E-04 
1.250E-01 5.897E-04 
1.500E-01 6.542E-04 
1.750E-01 7.138E-04 
2.000E-01 7.696E-04 
2.250E-01 8.223E-04 
2.500E-01 8.725E-04 
2.750E-01 9.206E-04 
3.000E-01 9.670E-04 
3.500E-01 1.055E-03 
4.000E-01 1.139E-03 
4.500E-01 1.220E-03 
5.000E-01 1.297E-03 
5.500E-01 1.373E-03 
6.000E-01 1.448E-03 
6.500E-01 1.521E-03 
7.000E-01 1.593E-03 
7.500E-01 1.665E-03 
8.000E-01 1.736E-03 
8.500E-01 1.807E-03 
9.000E-01 1.877E-03 
9.500E-01 1.948E-03 
1.000E+00 2.019E-03 
1.250E+00 2.376E-03 
1.500E+00 2.741E-03 
1.750E+00 3.118E-03 
2.000E+00 3.509E-03 
2.250E+00 3.914E-03 
2.500E+00 4.334E-03 
2.750E+00 4.767E-03 
3.000E+00 5.216E-03 
3.500E+00 6.157E-03 
4.000E+00 7.160E-03 
4.500E+00 8.224E-03 
5.000E+00 9.352E-03 
5.500E+00 1.054E-02 
6.000E+00 1.180E-02 
6.500E+00 1.312E-02 
7.000E+00 1.450E-02 
7.500E+00 1.594E-02 
8.000E+00 1.745E-02 
8.500E+00 1.901E-02 
9.000E+00 2.064E-02 
9.500E+00 2.232E-02 
1.000E+01 2.406E-02 
1.250E+01 3.361E-02 
1.500E+01 4.452E-02 
1.750E+01 5.674E-02 
2.000E+01 7.022E-02 
2.500E+01 1.008E-01 
2.750E+01 1.179E-01 
3.000E+01 1.361E-01 
3.500E+01 1.758E-01 
4.000E+01 2.199E-01 
4.500E+01 2.682E-01 
5.000E+01 3.207E-01 
5.500E+01 3.771E-01 
6.000E+01 4.376E-01 
6.500E+01 5.019E-01 
7.000E+01 5.701E-01 
7.500E+01 6.420E-01 
8.000E+01 7.176E-01 
8.500E+01 7.969E-01 
9.000E+01 8.798E-01 
9.500E+01 9.663E-01 
1.000E+02 1.056E+00 
1.250E+02 1.558E+00 
1.500E+02 2.142E+00 
1.750E+02 2.805E+00 
2.000E+02 3.545E+00 
2.250E+02 4.357E+00 
2.500E+02 5.240E+00 
2.750E+02 6.192E+00 
3.000E+02 7.210E+00 
3.500E+02 9.437E+00 
4.000E+02 1.191E+01 
4.500E+02 1.461E+01 
5.000E+02 1.753E+01 
5.500E+02 2.066E+01 
6.000E+02 2.399E+01 
6.500E+02 2.751E+01 
7.000E+02 3.122E+01 
7.500E+02 3.510E+01 
8.000E+02 3.914E+01 
8.500E+02 4.335E+01 
9.000E+02 4.771E+01 
9.500E+02 5.221E+01 
1.000E+03 5.686E+01
